rank=1 chunk_id=billing_disputes::chunk-000 bm25=4.2948 vector=0.6590 hybrid=0.016393 rerank=6.6770
rank=2 chunk_id=incident_sla::chunk-000 bm25=0.8390 vector=0.4289 hybrid=0.016001 rerank=-4.9117
rank=3 chunk_id=access_control::chunk-000 bm25=0.5184 vector=0.1518 hybrid=0.015749 rerank=-11.3222
